6
7
1.0 -0.2 -0.3 -0.4  0.5 0.5  -7
0.1 -1.0  0.1  0.6  0.6 0.1  1
0.1 -0.3 -6.0 -0.9  0.1 0.3  1
0.1  0.9 -0.2  11.0 0.1 0.1  0
0.1 -0.1 -0.3 -0.3  1.0 0.1  -1
0.1 -0.5 -0.5 -0.5 -0.5 1.0  0




x1 = -6.8827332
x2 = -1.9070754
x3 = -0.2526396
x4 = 0.2228347
x5 = -0.4603419
x6 = -0.5103378

x1-0.2x2-0.3x3-0.4x4+0.5x5+0.5x6 = -7
0.1x1-x2+0.1x3+0.6x4+0.6x5+0.1x6 = 1
0.1x1-0.3x2-6x3-0.9x4+0.1x5+0.3x6 = 1
0.1x1+0.9x2-0.2x3+11x4+0.1x5+0.1x6 = 0
0.1x1-0.1x2-0.3x3-0.3x4+x5+0.1x6 = -1
0.1x1-0.5x2-0.5x3-0.5x4-0.5x5+x6 = 0
